{
	
	"NE": {
	
		
	"fat": 5.048463454376164,
	
		
	"carb": 9.930619180633133,
	
		
	"prot": 2.4812032122905054,
	
		
	"count": 4296
	
	},
	
	"CE": {
	
		
	"fat": 7.894898374541314,
	
		
	"carb": 16.75776825708431,
	
		
	"prot": 4.5376801653876,
	
		
	"count": 50427
	
	},
	
	"SE": {
	
		
	"fat": 7.6132506295149565,
	
		
	"carb": 15.849966976264168,
	
		
	"prot": 3.530400825593394,
	
		
	"count": 4845
	
	},
	
	"Asia": {
	
		
	"fat": 0.023529411764705882,
	
		
	"carb": 0.5029411764705882,
	
		
	"prot": 0.08529411764705883,
	
		
	"count": 34
	
	}
}